# Created by Octave 8.2.0, Mon Apr 17 15:58:55 2023 GMT <unknown@DESKTOP-RB2MML2>
# name: Theta2
# type: matrix
# rows: 5
# columns: 43
 0.018243937493210814 0.19585279436546282 0.13556915091833785 0.22274000238475003 -0.12587180998303141 0.038839289853644821 -0.093105990989522561 -0.091646570779022815 0.067121997822314941 -0.11947525099751201 0.056471741820953825 -0.036166415398018702 -0.14259589401194281 0.045481921235257718 -0.16863045105956267 -0.03138169571233447 0.12202833033058839 -0.21135023326830468 0.038369621687095852 0.15086043029064003 -0.044817909699521243 -0.14304382538346522 0.084200893231616142 -0.19141909513068017 0.080538866115766911 0.26461204371130503 0.22381357960300616 -0.22767564262553236 -0.22094891457017551 -0.13432561704769769 0.016741982932014052 0.24214173082438747 -0.093444216639177305 -0.039965672837024166 0.085096417108422057 -0.057802348102432566 0.14866351536788536 0.065398958277653088 -0.13105069878162562 0.17390332393153438 0.20140113911251281 0.074845999677927308 -0.023287068329217415
 0.034858241372540226 -0.20550249990587524 -0.18751239222393679 -0.31488507803854021 0.36781797468581012 -0.45659937588977545 -0.094698129582456117 0.11589112044146826 -0.098796263892660843 0.248332710788329 0.031032344781268172 -0.28905011711865991 -0.18694209358829778 -0.30669943172811565 0.0049885397651661372 0.10262346128485804 -0.025367284090136194 0.077113271302640563 0.025133552805051029 0.2453502594839681 0.071634026482925231 0.085224323542288927 -0.10304655372520252 -0.079588128712876488 -0.12816702985843462 0.22460266810402377 -0.26964124622916152 -0.0032271850038811073 0.073494728549626021 -0.010690074017511736 0.098165656425891604 -0.10835052994283111 0.022205811893089743 2.2998139445890367e-05 0.12698112570072242 -0.061210104285331426 0.15059831275237812 0.19264729974385314 -0.16779671403292923 -0.26425761527766067 0.07572667841154071 0.022510999847280142 0.32480789867581467
 -0.1025310665303283 -0.16738809411225378 -0.01353820041733937 -0.026693749698349735 0.24137021507231587 -0.2017988174021324 -0.019458138484923938 0.02494129366646336 0.069194156543867041 -0.06497924363622401 0.059999817763192027 0.063074498290460163 -0.15975592968090296 -0.035655344408531513 0.075713770415168163 0.14943468854581193 -0.17771352255752768 0.21288907543649763 -0.059908836958837246 -0.049068832990206888 -0.042473261296496874 -0.13323456768532185 -0.14989545413024605 -0.023614444859199928 -0.036722373990966617 -0.07206208851035234 -0.0094298503562904312 0.11911531820843313 0.16283739449477352 -0.1481093990168677 -0.040591354463685628 -0.23454365170376304 -0.085259833495691856 -0.22245697774005188 -0.10076782855628348 0.032824571768737383 -0.24492377065328994 -0.11952141648119671 -0.06162085239410782 0.062964142983442814 -0.37809728498117789 0.084210454889717234 -0.070575264302638191
 -0.12416252020036128 0.0057273839037472593 -0.10910157917786799 -0.14923232480544724 -0.32414138707894097 0.03372613822850648 -0.17488360529526117 0.14606668720581481 -0.25829614716597332 0.27920829649998824 -0.23262121904226815 -0.1116018566616907 0.19955983351324025 -0.31346824585373906 -0.21498436643578545 -0.11019316792583458 -0.15885600463704655 -0.43465502192418265 -0.22485083589227362 -0.027861415116945377 -0.11016371862751304 0.18733163083081739 0.081003906690530161 0.071719555069379798 -0.085960673239114826 -0.1314645550312746 -0.27707681571683701 -0.2819872898272297 -0.12701341726483667 0.24093328750494719 0.067219182944969966 0.24941337824665172 0.12809797595493816 0.29833391855009667 0.1140848763780381 -0.32159517488180894 0.30932077610264758 0.24402650021302033 -0.033869527238162202 -0.14530372377838915 0.3202191136961689 -0.30465566344641143 0.19161806989906971
 -0.024816378566458658 0.082019351070805616 0.0043730528652163054 -0.11904764149669154 -0.31834230121484336 0.04806387129743827 0.18643886972726675 0.077974483636429448 -1.888202140026482e-05 0.43067035425772104 -0.041301904940953371 0.11519668514592737 0.36597758994123436 0.19018133179537228 0.053166547050219878 0.13603258184771153 -0.3316295984474103 0.13162702945469829 -0.11368978507613214 -0.076257937458442115 -0.086794754953683995 0.14681259183161838 -0.022121394868813045 0.15622387889142234 0.12157136115436408 -0.1713699010895246 -0.13369468842463775 0.057036087914775761 0.23285916661859782 0.3099519443860817 0.10089053960736576 -0.11695926359859225 -0.20013131648922894 -0.060649576442399787 0.12963957689382558 0.11067167085471823 -0.055489849786030811 0.059994123640038574 0.02586510248769839 0.1536673758976134 -0.062478977525700773 -0.26925840921961686 0.014406120365336653


